   0.00000000       0.00000000    
   2.00620200E-03   1.06228227E-02
   5.29803988E-03   1.54437795E-02
   8.82235728E-03   1.92812607E-02
   1.24742016E-02   2.25922354E-02
   1.62115097E-02   2.55536512E-02
   2.00119615E-02   2.82563362E-02
   2.38618385E-02   3.07543371E-02
   2.77518723E-02   3.30829732E-02
   3.16753909E-02   3.52668725E-02
   3.56273577E-02   3.73240784E-02
   3.96038145E-02   3.92683111E-02
   4.36015800E-02   4.11103219E-02
   4.76180352E-02   4.28587496E-02
   5.16509563E-02   4.45206910E-02
   5.56984469E-02   4.61020656E-02
   5.97588792E-02   4.76079024E-02
   6.38308004E-02   4.90425453E-02
   6.79129511E-02   5.04097678E-02
   7.20041767E-02   5.17128855E-02
   7.61034712E-02   5.29548675E-02
   8.02098960E-02   5.41383624E-02
   8.43226090E-02   5.52657694E-02
   8.84408504E-02   5.63393086E-02
   9.25638974E-02   5.73609546E-02
   9.66911167E-02   5.83325922E-02
  0.100821890       5.92559353E-02
  0.104955673       6.01325966E-02
  0.109091938       6.09640926E-02
  0.113230206       6.17518425E-02
  0.117370024       6.24972060E-02
  0.121510975       6.32014424E-02
  0.125652671       6.38657957E-02
  0.129794717       6.44913986E-02
  0.133936822       6.50794059E-02
  0.138078615       6.56308681E-02
  0.142219812       6.61468133E-02
  0.146360129       6.66282624E-02
  0.150499314       6.70761466E-02
  0.154637083       6.74914420E-02
  0.158773243       6.78750351E-02
  0.162907556       6.82277977E-02
  0.167039812       6.85506165E-02
  0.171169817       6.88443333E-02
  0.175297409       6.91097379E-02
  0.179422408       6.93476498E-02
  0.183544666       6.95588440E-02
  0.187664017       6.97441027E-02
  0.191780344       6.99041709E-02
  0.195893526       7.00397938E-02
  0.200003415       7.01516867E-02
  0.204109952       7.02405646E-02
  0.208212987       7.03071356E-02
  0.212312475       7.03520849E-02
  0.216408283       7.03760833E-02
  0.220500380       7.03798234E-02
  0.224588662       7.03639612E-02
  0.228673086       7.03291297E-02
  0.232753590       7.02759773E-02
  0.236830130       7.02051446E-02
  0.240902632       7.01172575E-02
  0.244971111       7.00129271E-02
  0.249035478       6.98927790E-02
  0.253095746       6.97574019E-02
  0.257151872       6.96073920E-02
  0.261203885       6.94433600E-02
  0.265251666       6.92658648E-02
  0.269295305       6.90754950E-02
  0.273334771       6.88728243E-02
  0.277370065       6.86584264E-02
  0.281401157       6.84328675E-02
  0.285428107       6.81966841E-02
  0.289450884       6.79504275E-02
  0.293469548       6.76946640E-02
  0.297484070       6.74299151E-02
  0.301494509       6.71567321E-02
  0.305500865       6.68756291E-02
  0.309503227       6.65871650E-02
  0.313501507       6.62918240E-02
  0.317497045       6.59900829E-02
  0.321492344       6.56820834E-02
  0.325487375       6.53679222E-02
  0.329482257       6.50477111E-02
  0.333476961       6.47215545E-02
  0.337471455       6.43895566E-02
  0.341465741       6.40518144E-02
  0.345459878       6.37084320E-02
  0.349453837       6.33594990E-02
  0.353447616       6.30051047E-02
  0.357441187       6.26453459E-02
  0.361434639       6.22802936E-02
  0.365427911       6.19100556E-02
  0.369421005       6.15347028E-02
  0.373413920       6.11543208E-02
  0.377406716       6.07689805E-02
  0.381399333       6.03787675E-02
  0.385391772       5.99837601E-02
  0.389384121       5.95840253E-02
  0.393376291       5.91796264E-02
  0.397368312       5.87706491E-02
  0.401360154       5.83571494E-02
  0.405351877       5.79392090E-02
  0.409343481       5.75168915E-02
  0.413334936       5.70902228E-02
  0.417326242       5.66593111E-02
  0.421317428       5.62241860E-02
  0.425308466       5.57849370E-02
  0.429299384       5.53415939E-02
  0.433290154       5.48942313E-02
  0.437280804       5.44428639E-02
  0.441271335       5.39875925E-02
  0.445261747       5.35284281E-02
  0.449252009       5.30654490E-02
  0.453242183       5.25986925E-02
  0.457232207       5.21282069E-02
  0.461222112       5.16540334E-02
  0.465211928       5.11762202E-02
  0.469201624       5.06948009E-02
  0.473191202       5.02098128E-02
  0.477180630       4.97213304E-02
  0.481169999       4.92293648E-02
  0.485159248       4.87339497E-02
  0.489148378       4.82351333E-02
  0.493137360       4.77329493E-02
  0.497126281       4.72274162E-02
  0.501115084       4.67185862E-02
  0.505103767       4.62064780E-02
  0.509092391       4.56911251E-02
  0.513080895       4.51725610E-02
  0.517069280       4.46508229E-02
  0.521057546       4.41259034E-02
  0.525045753       4.35978696E-02
  0.529033780       4.30667177E-02
  0.533021808       4.25324738E-02
  0.537009656       4.19951640E-02
  0.540997505       4.14548181E-02
  0.544985175       4.09114510E-02
  0.548972785       4.03650738E-02
  0.552960277       3.98157090E-02
  0.556947708       3.92633677E-02
  0.560934961       3.87080982E-02
  0.564922154       3.81498672E-02
  0.568909287       3.75887230E-02
  0.572896361       3.70246656E-02
  0.576883256       3.64576876E-02
  0.580870152       3.58878374E-02
  0.584856868       3.53150927E-02
  0.588843465       3.47395018E-02
  0.592830062       3.41610350E-02
  0.596816540       3.35796997E-02
  0.600802898       3.29955071E-02
  0.604789197       3.24084833E-02
  0.608775437       3.18185985E-02
  0.612761557       3.12258806E-02
  0.616747558       3.06303464E-02
  0.620733440       3.00319530E-02
  0.624719262       2.94307116E-02
  0.628705025       2.88266391E-02
  0.632690668       2.82197334E-02
  0.636676252       2.76099630E-02
  0.640661716       2.69973502E-02
  0.644647062       2.63819024E-02
  0.648632288       2.57635862E-02
  0.652617514       2.51423679E-02
  0.656602621       2.45183222E-02
  0.660587609       2.38913782E-02
  0.664572537       2.32615378E-02
  0.668557346       2.26287935E-02
  0.672542095       2.19931342E-02
  0.676526725       2.13545524E-02
  0.680511236       2.07130425E-02
  0.684495687       2.00685784E-02
  0.688480020       1.94211341E-02
  0.692464292       1.87707115E-02
  0.696448445       1.81173030E-02
  0.700432479       1.74608380E-02
  0.704416454       1.68013573E-02
  0.708400249       1.61388442E-02
  0.712384045       1.54732252E-02
  0.716367722       1.48045355E-02
  0.720351279       1.41326906E-02
  0.724334717       1.34577425E-02
  0.728318095       1.27796112E-02
  0.732301354       1.20982807E-02
  0.736284494       1.14137530E-02
  0.740267515       1.07259937E-02
  0.744250476       1.00349402E-02
  0.748233318       9.34059452E-03
  0.752216041       8.64293706E-03
  0.756198645       7.94192031E-03
  0.760181189       7.23750936E-03
  0.764163554       6.52970234E-03
  0.768145800       5.81843685E-03
  0.772127986       5.10369707E-03
  0.776110053       4.38541640E-03
  0.780092061       3.66360857E-03
  0.784073889       2.93820072E-03
  0.788055599       2.20916653E-03
  0.792037189       1.47649576E-03
  0.796018720       7.40107382E-04
  0.800000012       3.57442853E-09
   0.00000000       0.00000000    
   5.99379838E-03  -8.50702915E-03
   1.07019609E-02  -1.12745333E-02
   1.51776429E-02  -1.31200925E-02
   1.95257999E-02  -1.44998664E-02
   2.37884931E-02  -1.55900009E-02
   2.79880390E-02  -1.64805148E-02
   3.21381614E-02  -1.72246452E-02
   3.62481326E-02  -1.78568996E-02
   4.03246135E-02  -1.84011087E-02
   4.43726480E-02  -1.88745055E-02
   4.83961925E-02  -1.92900002E-02
   5.23984209E-02  -1.96575336E-02
   5.63819669E-02  -1.99849401E-02
   6.03490472E-02  -2.02785078E-02
   6.43015578E-02  -2.05433555E-02
   6.82411268E-02  -2.07836963E-02
   7.21692070E-02  -2.10030731E-02
   7.60870576E-02  -2.12044455E-02
   7.99958333E-02  -2.13903245E-02
   8.38965401E-02  -2.15628725E-02
   8.77901167E-02  -2.17239317E-02
   9.16774049E-02  -2.18750890E-02
   9.55591649E-02  -2.20177602E-02
   9.94361043E-02  -2.21531168E-02
  0.103308886      -2.22822223E-02
  0.107178114      -2.24060025E-02
  0.111044332      -2.25252397E-02
  0.114908069      -2.26406679E-02
  0.118769802      -2.27528811E-02
  0.122629985      -2.28624362E-02
  0.126489028      -2.29697954E-02
  0.130347341      -2.30753664E-02
  0.134205282      -2.31795143E-02
  0.138063192      -2.32825447E-02
  0.141921386      -2.33847424E-02
  0.145780206      -2.34862939E-02
  0.149639875      -2.35874243E-02
  0.153500706      -2.36882754E-02
  0.157362923      -2.37889793E-02
  0.161226779      -2.38896403E-02
  0.165092453      -2.39903294E-02
  0.168960214      -2.40911078E-02
  0.172830194      -2.41920035E-02
  0.176702619      -2.42930222E-02
  0.180577606      -2.43941601E-02
  0.184455365      -2.44953968E-02
  0.188336000      -2.45966930E-02
  0.192219660      -2.46979967E-02
  0.196106493      -2.47992314E-02
  0.199996591      -2.49003246E-02
  0.203890070      -2.50011701E-02
  0.207787022      -2.51016766E-02
  0.211687550      -2.52017155E-02
  0.215591729      -2.53011547E-02
  0.219499648      -2.53998823E-02
  0.223411351      -2.54977215E-02
  0.227326944      -2.55945362E-02
  0.231246427      -2.56901402E-02
  0.235169902      -2.57843807E-02
  0.239097387      -2.58770734E-02
  0.243028924      -2.59680133E-02
  0.246964544      -2.60570366E-02
  0.250904262      -2.61438806E-02
  0.254848152      -2.62283962E-02
  0.258796155      -2.63103414E-02
  0.262748331      -2.63894964E-02
  0.266704708      -2.64656264E-02
  0.270665258      -2.65384950E-02
  0.274629980      -2.66078748E-02
  0.278598845      -2.66735069E-02
  0.282571912      -2.67351437E-02
  0.286549151      -2.67925393E-02
  0.290530503      -2.68454067E-02
  0.294515938      -2.68935133E-02
  0.298505515      -2.69365702E-02
  0.302499175      -2.69742887E-02
  0.306496829      -2.70063933E-02
  0.310498506      -2.70326398E-02
  0.314502984      -2.70526856E-02
  0.318507701      -2.70664860E-02
  0.322512627      -2.70741209E-02
  0.326517761      -2.70757023E-02
  0.330523074      -2.70713530E-02
  0.334528595      -2.70611439E-02
  0.338534266      -2.70452034E-02
  0.342540145      -2.70236135E-02
  0.346546203      -2.69964840E-02
  0.350552440      -2.69638821E-02
  0.354558825      -2.69259159E-02
  0.358565390      -2.68826671E-02
  0.362572134      -2.68342216E-02
  0.366579056      -2.67806705E-02
  0.370586097      -2.67220810E-02
  0.374593318      -2.66585387E-02
  0.378600717      -2.65901182E-02
  0.382608235      -2.65169125E-02
  0.386615902      -2.64389701E-02
  0.390623748      -2.63563693E-02
  0.394631743      -2.62691844E-02
  0.398639858      -2.61774864E-02
  0.402648151      -2.60813441E-02
  0.406656563      -2.59808190E-02
  0.410665125      -2.58759484E-02
  0.414673775      -2.57668290E-02
  0.418682605      -2.56535076E-02
  0.422691584      -2.55360566E-02
  0.426700681      -2.54145097E-02
  0.430709869      -2.52889395E-02
  0.434719235      -2.51593702E-02
  0.438728720      -2.50258967E-02
  0.442738324      -2.48885285E-02
  0.446748018      -2.47473419E-02
  0.450757861      -2.46023834E-02
  0.454767853      -2.44536959E-02
  0.458777905      -2.43013185E-02
  0.462788105      -2.41452996E-02
  0.466798425      -2.39856839E-02
  0.470808864      -2.38224920E-02
  0.474819392      -2.36558020E-02
  0.478830040      -2.34856345E-02
  0.482840806      -2.33120173E-02
  0.486851692      -2.31349934E-02
  0.490862668      -2.29546055E-02
  0.494873762      -2.27708705E-02
  0.498884946      -2.25838386E-02
  0.502896249      -2.23935284E-02
  0.506907642      -2.21999716E-02
  0.510919154      -2.20032074E-02
  0.514930785      -2.18032617E-02
  0.518942535      -2.16001384E-02
  0.522954345      -2.13939026E-02
  0.526966214      -2.11845413E-02
  0.530978203      -2.09720973E-02
  0.534990370      -2.07565837E-02
  0.539002538      -2.05380395E-02
  0.543014884      -2.03164667E-02
  0.547027290      -2.00918876E-02
  0.551039815      -1.98643226E-02
  0.555052400      -1.96337774E-02
  0.559065044      -1.94003005E-02
  0.563077867      -1.91638656E-02
  0.567090750      -1.89245194E-02
  0.571103692      -1.86822601E-02
  0.575116813      -1.84370764E-02
  0.579129934      -1.81890223E-02
  0.583143234      -1.79380812E-02
  0.587156534      -1.76842809E-02
  0.591169953      -1.74276084E-02
  0.595183492      -1.71680693E-02
  0.599197149      -1.69056766E-02
  0.603210866      -1.66404527E-02
  0.607224643      -1.63723640E-02
  0.611238539      -1.61014404E-02
  0.615252554      -1.58277042E-02
  0.619266570      -1.55511014E-02
  0.623280764      -1.52716618E-02
  0.627295017      -1.49893835E-02
  0.631309390      -1.47042759E-02
  0.635323822      -1.44163007E-02
  0.639338374      -1.41254887E-02
  0.643353045      -1.38318380E-02
  0.647367716      -1.35353133E-02
  0.651382506      -1.32358931E-02
  0.655397415      -1.29336417E-02
  0.659412444      -1.26284994E-02
  0.663427532      -1.23204533E-02
  0.667442739      -1.20095070E-02
  0.671458006      -1.16956448E-02
  0.675473392      -1.13788620E-02
  0.679488778      -1.10591436E-02
  0.683504343      -1.07364776E-02
  0.687520027      -1.04108276E-02
  0.691535771      -1.00822020E-02
  0.695551634      -9.75059345E-03
  0.699567616      -9.41592641E-03
  0.703583658      -9.07824188E-03
  0.707599759      -8.73752125E-03
  0.711615980      -8.39369837E-03
  0.715632319      -8.04680865E-03
  0.719648778      -7.69675989E-03
  0.723665357      -7.34360795E-03
  0.727681994      -6.98727276E-03
  0.731698751      -6.62774360E-03
  0.735715628      -6.26501208E-03
  0.739732504      -5.89904515E-03
  0.743749559      -5.52978739E-03
  0.747766733      -5.15723787E-03
  0.751784027      -4.78138076E-03
  0.755801439      -4.40216111E-03
  0.759818912      -4.01954586E-03
  0.763836563      -3.63353500E-03
  0.767854214      -3.24406195E-03
  0.771872044      -2.85112299E-03
  0.775889993      -2.45463848E-03
  0.779908001      -2.05462682E-03
  0.783926189      -1.65101548E-03
  0.787944496      -1.24378141E-03
  0.791962922      -8.32906924E-04
  0.795981407      -4.18314856E-04
  0.800000012      -3.57442853E-09
